#usda 1.0
(
    endTimeCode = 600
    framesPerSecond = 30
    metersPerUnit = 1
    startTimeCode = 1
    timeCodesPerSecond = 30
    upAxis = "Y"
)

def Xform "geometry"
{
    def "egg_white" (
        prepend references = @./assets/egg_white/egg_white.usd@
    )
    {
        over "geo"
        {
            over "render"
            {
                over "shape"
                {
                    float3[] extent = [(-0.022005681, 0, -0.022005681), (0.022005681, 0.05999268, 0.022005681)]
                    float primvars:karma:object:dicingquality = 2 (
                        interpolation = "constant"
                    )
                    matrix4d xformOp:transform:animate_rotation17.timeSamples = {
                        1: ( (1, 0, 0, 0), (0, 1, 0, 0), (0, 0, 1, 0), (0, 0, 0, 1) ),
                        2: ( (0.9997792140755745, 0, 0.021012451128475416, 0), (0, 1, 0, 0), (-0.021012451128475416, 0, 0.9997792140755745, 0), (0, 0, 0, 1) ),
                        3: ( (0.9991169537951469, 0, 0.04201562375005714, 0), (0, 1, 0, 0), (-0.04201562375005714, 0, 0.9991169537951469, 0), (0, 0, 0, 1) ),
                        4: ( (0.9980135115942135, 0, 0.06300024345497894, 0), (0, 1, 0, 0), (-0.06300024345497894, 0, 0.9980135115942135, 0), (0, 0, 0, 1) ),
                        5: ( (0.9964693747217873, 0, 0.08395704402592023, 0), (0, 1, 0, 0), (-0.08395704402592023, 0, 0.9964693747217873, 0), (0, 0, 0, 1) ),
                        6: ( (0.9944852250252417, 0, 0.10487677152970694, 0), (0, 1, 0, 0), (-0.10487677152970694, 0, 0.9944852250252417, 0), (0, 0, 0, 1) ),
                        7: ( (0.9920619386492268, 0, 0.1257501884035878, 0), (0, 1, 0, 0), (-0.1257501884035878, 0, 0.9920619386492268, 0), (0, 0, 0, 1) ),
                        8: ( (0.9892005856487878, 0, 0.1465680775342819, 0), (0, 1, 0, 0), (-0.1465680775342819, 0, 0.9892005856487878, 0), (0, 0, 0, 1) ),
                        9: ( (0.9859024295168594, 0, 0.1673212463279966, 0), (0, 1, 0, 0), (-0.1673212463279966, 0, 0.9859024295168594, 0), (0, 0, 0, 1) ),
                        10: ( (0.9821689266263426, 0, 0.18800053076961823, 0), (0, 1, 0, 0), (-0.18800053076961823, 0, 0.9821689266263426, 0), (0, 0, 0, 1) ),
                        11: ( (0.9780017255870113, 0, 0.20859679946928295, 0), (0, 1, 0, 0), (-0.20859679946928295, 0, 0.9780017255870113, 0), (0, 0, 0, 1) ),
                        12: ( (0.9734026665175332, 0, 0.2291009576945416, 0), (0, 1, 0, 0), (-0.2291009576945416, 0, 0.9734026665175332, 0), (0, 0, 0, 1) ),
                        13: ( (0.9683737802329243, 0, 0.24950395138633763, 0), (0, 1, 0, 0), (-0.24950395138633763, 0, 0.9683737802329243, 0), (0, 0, 0, 1) ),
                        14: ( (0.9629172873477994, 0, 0.2697967711570243, 0), (0, 1, 0, 0), (-0.2697967711570243, 0, 0.9629172873477994, 0), (0, 0, 0, 1) ),
                        15: ( (0.9570355972958094, 0, 0.28997045626865714, 0), (0, 1, 0, 0), (-0.28997045626865714, 0, 0.9570355972958094, 0), (0, 0, 0, 1) ),
                        16: ( (0.9507313072657055, 0, 0.3100160985898032, 0), (0, 1, 0, 0), (-0.3100160985898032, 0, 0.9507313072657055, 0), (0, 0, 0, 1) ),
                        17: ( (0.9440072010544918, 0, 0.32992484652912146, 0), (0, 1, 0, 0), (-0.32992484652912146, 0, 0.9440072010544918, 0), (0, 0, 0, 1) ),
                        18: ( (0.9368662478381797, 0, 0.349687908943976, 0), (0, 1, 0, 0), (-0.349687908943976, 0, 0.9368662478381797, 0), (0, 0, 0, 1) ),
                        19: ( (0.9293116008606837, 0, 0.36929655902235725, 0), (0, 1, 0, 0), (-0.36929655902235725, 0, 0.9293116008606837, 0), (0, 0, 0, 1) ),
                        20: ( (0.9213465960414369, 0, 0.38874213813639674, 0), (0, 1, 0, 0), (-0.38874213813639674, 0, 0.9213465960414369, 0), (0, 0, 0, 1) ),
                        21: ( (0.9129747505023436, 0, 0.408016059665773, 0), (0, 1, 0, 0), (-0.408016059665773, 0, 0.9129747505023436, 0), (0, 0, 0, 1) ),
                        22: ( (0.9041997610147166, 0, 0.42710981278932175, 0), (0, 1, 0, 0), (-0.42710981278932175, 0, 0.9041997610147166, 0), (0, 0, 0, 1) ),
                        23: ( (0.8950255023668877, 0, 0.4460149662431747, 0), (0, 1, 0, 0), (-0.4460149662431747, 0, 0.8950255023668877, 0), (0, 0, 0, 1) ),
                        24: ( (0.8854560256532099, 0, 0.46472317204376856, 0), (0, 1, 0, 0), (-0.46472317204376856, 0, 0.8854560256532099, 0), (0, 0, 0, 1) ),
                        25: ( (0.8754955564852082, 0, 0.4832261691740791, 0), (0, 1, 0, 0), (-0.4832261691740791, 0, 0.8754955564852082, 0), (0, 0, 0, 1) ),
                        26: ( (0.8651484931256684, 0, 0.5015157872314542, 0), (0, 1, 0, 0), (-0.5015157872314542, 0, 0.8651484931256684, 0), (0, 0, 0, 1) ),
                        27: ( (0.8544194045464886, 0, 0.5195839500354336, 0), (0, 1, 0, 0), (-0.5195839500354336, 0, 0.8544194045464886, 0), (0, 0, 0, 1) ),
                        28: ( (0.843313028411149, 0, 0.5374226791939625, 0), (0, 1, 0, 0), (-0.5374226791939625, 0, 0.843313028411149, 0), (0, 0, 0, 1) ),
                        29: ( (0.8318342689826936, 0, 0.5550240976264254, 0), (0, 1, 0, 0), (-0.5550240976264254, 0, 0.8318342689826936, 0), (0, 0, 0, 1) ),
                        30: ( (0.819988194958146, 0, 0.5723804330419424, 0), (0, 1, 0, 0), (-0.5723804330419424, 0, 0.819988194958146, 0), (0, 0, 0, 1) ),
                        31: ( (0.8077800372303148, 0, 0.5894840213713949, 0), (0, 1, 0, 0), (-0.5894840213713949, 0, 0.8077800372303148, 0), (0, 0, 0, 1) ),
                        32: ( (0.7952151865779788, 0, 0.6063273101516625, 0), (0, 1, 0, 0), (-0.6063273101516625, 0, 0.7952151865779788, 0), (0, 0, 0, 1) ),
                        33: ( (0.7822991912854713, 0, 0.6229028618605774, 0), (0, 1, 0, 0), (-0.6229028618605774, 0, 0.7822991912854713, 0), (0, 0, 0, 1) ),
                        34: ( (0.7690377546927131, 0, 0.6392033572011261, 0), (0, 1, 0, 0), (-0.6392033572011261, 0, 0.7690377546927131, 0), (0, 0, 0, 1) ),
                        35: ( (0.7554367326767791, 0, 0.6552215983334436, 0), (0, 1, 0, 0), (-0.6552215983334436, 0, 0.7554367326767791, 0), (0, 0, 0, 1) ),
                        36: ( (0.7415021310661071, 0, 0.6709505120531779, 0), (0, 1, 0, 0), (-0.6709505120531779, 0, 0.7415021310661071, 0), (0, 0, 0, 1) ),
                        37: ( (0.7272401029884932, 0, 0.6863831529148176, 0), (0, 1, 0, 0), (-0.6863831529148176, 0, 0.7272401029884932, 0), (0, 0, 0, 1) ),
                        38: ( (0.7126569461540442, 0, 0.7015127062986043, 0), (0, 1, 0, 0), (-0.7015127062986043, 0, 0.7126569461540442, 0), (0, 0, 0, 1) ),
                        39: ( (0.6977591000742853, 0, 0.7163324914196783, 0), (0, 1, 0, 0), (-0.7163324914196783, 0, 0.6977591000742853, 0), (0, 0, 0, 1) ),
                        40: ( (0.6825531432186541, 0, 0.730835964278124, 0), (0, 1, 0, 0), (-0.730835964278124, 0, 0.6825531432186541, 0), (0, 0, 0, 1) ),
                        41: ( (0.6670457901096328, 0, 0.7450167205486168, 0), (0, 1, 0, 0), (-0.7450167205486168, 0, 0.6670457901096328, 0), (0, 0, 0, 1) ),
                        42: ( (0.6512438883578044, 0, 0.758868498408392, 0), (0, 1, 0, 0), (-0.758868498408392, 0, 0.6512438883578044, 0), (0, 0, 0, 1) ),
                        43: ( (0.6351544156381411, 0, 0.7723851813022901, 0), (0, 1, 0, 0), (-0.7723851813022901, 0, 0.6351544156381411, 0), (0, 0, 0, 1) ),
                        44: ( (0.6187844766088585, 0, 0.7855608006436555, 0), (0, 1, 0, 0), (-0.7855608006436555, 0, 0.6187844766088585, 0), (0, 0, 0, 1) ),
                        45: ( (0.6021412997741994, 0, 0.7983895384498959, 0), (0, 1, 0, 0), (-0.7983895384498959, 0, 0.6021412997741994, 0), (0, 0, 0, 1) ),
                        46: ( (0.5852322342925295, 0, 0.8108657299115396, 0), (0, 1, 0, 0), (-0.8108657299115396, 0, 0.5852322342925295, 0), (0, 0, 0, 1) ),
                        47: ( (0.5680647467311558, 0, 0.8229838658936565, 0), (0, 1, 0, 0), (-0.8229838658936565, 0, 0.5680647467311558, 0), (0, 0, 0, 1) ),
                        48: ( (0.5506464177693009, 0, 0.834738595368536, 0), (0, 1, 0, 0), (-0.834738595368536, 0, 0.5506464177693009, 0), (0, 0, 0, 1) ),
                        49: ( (0.5329849388506885, 0, 0.8461247277785514, 0), (0, 1, 0, 0), (-0.8461247277785514, 0, 0.5329849388506885, 0), (0, 0, 0, 1) ),
                        50: ( (0.5150881087872182, 0, 0.8571372353281631, 0), (0, 1, 0, 0), (-0.8571372353281631, 0, 0.5150881087872182, 0), (0, 0, 0, 1) ),
                        51: ( (0.4969638303152295, 0, 0.8677712552040519, 0), (0, 1, 0, 0), (-0.8677712552040519, 0, 0.4969638303152295, 0), (0, 0, 0, 1) ),
                        52: ( (0.47862010660587656, 0, 0.8780220917224004, 0), (0, 1, 0, 0), (-0.8780220917224004, 0, 0.47862010660587656, 0), (0, 0, 0, 1) ),
                        53: ( (0.4600650377311522, 0, 0.8878852184023752, 0), (0, 1, 0, 0), (-0.8878852184023752, 0, 0.4600650377311522, 0), (0, 0, 0, 1) ),
                        54: ( (0.44130681708712516, 0, 0.8973562799648925, 0), (0, 1, 0, 0), (-0.8973562799648925, 0, 0.44130681708712516, 0), (0, 0, 0, 1) ),
                        55: ( (0.42235372777596664, 0, 0.9064310942557877, 0), (0, 1, 0, 0), (-0.9064310942557877, 0, 0.42235372777596664, 0), (0, 0, 0, 1) ),
                        56: ( (0.4032141389483648, 0, 0.9151056540925363, 0), (0, 1, 0, 0), (-0.9151056540925363, 0, 0.4032141389483648, 0), (0, 0, 0, 1) ),
                        57: ( (0.38389650210794446, 0, 0.9233761290337135, 0), (0, 1, 0, 0), (-0.9233761290337135, 0, 0.38389650210794446, 0), (0, 0, 0, 1) ),
                        58: ( (0.36440934737932146, 0, 0.931238867070408, 0), (0, 1, 0, 0), (-0.931238867070408, 0, 0.36440934737932146, 0), (0, 0, 0, 1) ),
                        59: ( (0.344761279741437, 0, 0.9386903962388486, 0), (0, 1, 0, 0), (-0.9386903962388486, 0, 0.344761279741437, 0), (0, 0, 0, 1) ),
                        60: ( (0.3249609752278453, 0, 0.9457274261535232, 0), (0, 1, 0, 0), (-0.9457274261535232, 0, 0.3249609752278453, 0), (0, 0, 0, 1) ),
                        61: ( (0.3050171770956176, 0, 0.9523468494601222, 0), (0, 1, 0, 0), (-0.9523468494601222, 0, 0.3050171770956176, 0), (0, 0, 0, 1) ),
                        62: ( (0.2849386919645687, 0, 0.9585457432076576, 0), (0, 1, 0, 0), (-0.9585457432076576, 0, 0.2849386919645687, 0), (0, 0, 0, 1) ),
                        63: ( (0.2647343859284994, 0, 0.9643213701391566, 0), (0, 1, 0, 0), (-0.9643213701391566, 0, 0.2647343859284994, 0), (0, 0, 0, 1) ),
                        64: ( (0.24441318064018164, 0, 0.9696711799003567, 0), (0, 1, 0, 0), (-0.9696711799003567, 0, 0.24441318064018164, 0), (0, 0, 0, 1) ),
                        65: ( (0.2239840493718048, 0, 0.9745928101658707, 0), (0, 1, 0, 0), (-0.9745928101658707, 0, 0.2239840493718048, 0), (0, 0, 0, 1) ),
                        66: ( (0.20345601305263375, 0, 0.9790840876823229, 0), (0, 1, 0, 0), (-0.9790840876823229, 0, 0.20345601305263375, 0), (0, 0, 0, 1) ),
                        67: ( (0.1828381362856192, 0, 0.9831430292279966, 0), (0, 1, 0, 0), (-0.9831430292279966, 0, 0.1828381362856192, 0), (0, 0, 0, 1) ),
                        68: ( (0.16213952334472476, 0, 0.9867678424885691, 0), (0, 1, 0, 0), (-0.9867678424885691, 0, 0.16213952334472476, 0), (0, 0, 0, 1) ),
                        69: ( (0.14136931415473494, 0, 0.9899569268485472, 0), (0, 1, 0, 0), (-0.9899569268485472, 0, 0.14136931415473494, 0), (0, 0, 0, 1) ),
                        70: ( (0.12053668025532323, 0, 0.992708874098054, 0), (0, 1, 0, 0), (-0.992708874098054, 0, 0.12053668025532323, 0), (0, 0, 0, 1) ),
                        71: ( (0.0996508207511566, 0, 0.9950224690546545, 0), (0, 1, 0, 0), (-0.9950224690546545, 0, 0.0996508207511566, 0), (0, 0, 0, 1) ),
                        72: ( (0.07872095824983115, 0, 0.9968966900999463, 0), (0, 1, 0, 0), (-0.9968966900999463, 0, 0.07872095824983115, 0), (0, 0, 0, 1) ),
                        73: ( (0.05775633478942844, 0, 0.9983307096306772, 0), (0, 1, 0, 0), (-0.9983307096306772, 0, 0.05775633478942844, 0), (0, 0, 0, 1) ),
                        74: ( (0.0367662077574899, 0, 0.9993238944241917, 0), (0, 1, 0, 0), (-0.9993238944241917, 0, 0.0367662077574899, 0), (0, 0, 0, 1) ),
                        75: ( (0.01575984580321643, 0, 0.9998758059180444, 0), (0, 1, 0, 0), (-0.9998758059180444, 0, 0.01575984580321643, 0), (0, 0, 0, 1) ),
                        76: ( (-0.005253475255305974, 0, 0.9999862004036565, 0), (0, 1, 0, 0), (-0.9999862004036565, 0, -0.005253475255305974, 0), (0, 0, 0, 1) ),
                        77: ( (-0.026264476527047, 0, 0.9996550291339309, 0), (0, 1, 0, 0), (-0.9996550291339309, 0, -0.026264476527047, 0), (0, 0, 0, 1) ),
                        78: ( (-0.04726388014532865, 0, 0.9988824383447774, 0), (0, 1, 0, 0), (-0.9988824383447774, 0, -0.04726388014532865, 0), (0, 0, 0, 1) ),
                        79: ( (-0.06824241336467088, 0, 0.9976687691905392, 0), (0, 1, 0, 0), (-0.9976687691905392, 0, -0.06824241336467088, 0), (0, 0, 0, 1) ),
                        80: ( (-0.08919081265537362, 0, 0.9960145575933487, 0), (0, 1, 0, 0), (-0.9960145575933487, 0, -0.08919081265537362, 0), (0, 0, 0, 1) ),
                        81: ( (-0.11009982779403138, 0, 0.9939205340064792, 0), (0, 1, 0, 0), (-0.9939205340064792, 0, -0.11009982779403138, 0), (0, 0, 0, 1) ),
                        82: ( (-0.1309602259481726, 0, 0.9913876230917973, 0), (0, 1, 0, 0), (-0.9913876230917973, 0, -0.1309602259481726, 0), (0, 0, 0, 1) ),
                        83: ( (-0.1517627957532151, 0, 0.988416943311459, 0), (0, 1, 0, 0), (-0.988416943311459, 0, -0.1517627957532151, 0), (0, 0, 0, 1) ),
                        84: ( (-0.17249835137995026, 0, 0.9850098064340269, 0), (0, 1, 0, 0), (-0.9850098064340269, 0, -0.17249835137995026, 0), (0, 0, 0, 1) ),
                        85: ( (-0.19315773659074303, 0, 0.9811677169552314, 0), (0, 1, 0, 0), (-0.9811677169552314, 0, -0.19315773659074303, 0), (0, 0, 0, 1) ),
                        86: ( (-0.21373182878266977, 0, 0.9768923714336271, 0), (0, 1, 0, 0), (-0.9768923714336271, 0, -0.21373182878266977, 0), (0, 0, 0, 1) ),
                        87: ( (-0.23421154301580202, 0, 0.9721856577414404, 0), (0, 1, 0, 0), (-0.9721856577414404, 0, -0.23421154301580202, 0), (0, 0, 0, 1) ),
                        88: ( (-0.25458783602486296, 0, 0.9670496542309384, 0), (0, 1, 0, 0), (-0.9670496542309384, 0, -0.25458783602486296, 0), (0, 0, 0, 1) ),
                        89: ( (-0.2748517102124754, 0, 0.9614866288166869, 0), (0, 1, 0, 0), (-0.9614866288166869, 0, -0.2748517102124754, 0), (0, 0, 0, 1) ),
                        90: ( (-0.2949942176222497, 0, 0.9554990379741032, 0), (0, 1, 0, 0), (-0.9554990379741032, 0, -0.2949942176222497, 0), (0, 0, 0, 1) ),
                        91: ( (-0.3150064638899478, 0, 0.9490895256547461, 0), (0, 1, 0, 0), (-0.9490895256547461, 0, -0.3150064638899478, 0), (0, 0, 0, 1) ),
                        92: ( (-0.3348796121709857, 0, 0.9422609221188206, 0), (0, 1, 0, 0), (-0.9422609221188206, 0, -0.3348796121709857, 0), (0, 0, 0, 1) ),
                        93: ( (-0.3546048870425357, 0, 0.9350162426854148, 0), (0, 1, 0, 0), (-0.9350162426854148, 0, -0.3546048870425357, 0), (0, 0, 0, 1) ),
                        94: ( (-0.37417357837850224, 0, 0.9273586864010208, 0), (0, 1, 0, 0), (-0.9273586864010208, 0, -0.37417357837850224, 0), (0, 0, 0, 1) ),
                        95: ( (-0.393577045195673, 0, 0.9192916346269246, 0), (0, 1, 0, 0), (-0.9192916346269246, 0, -0.393577045195673, 0), (0, 0, 0, 1) ),
                        96: ( (-0.412806719469331, 0, 0.9108186495460933, 0), (0, 1, 0, 0), (-0.9108186495460933, 0, -0.412806719469331, 0), (0, 0, 0, 1) ),
                        97: ( (-0.4318541099166556, 0, 0.9019434725902135, 0), (0, 1, 0, 0), (-0.9019434725902135, 0, -0.4318541099166556, 0), (0, 0, 0, 1) ),
                        98: ( (-0.4507108057462297, 0, 0.8926700227875832, 0), (0, 1, 0, 0), (-0.8926700227875832, 0, -0.4507108057462297, 0), (0, 0, 0, 1) ),
                        99: ( (-0.4693684803720136, 0, 0.8830023950325767, 0), (0, 1, 0, 0), (-0.8830023950325767, 0, -0.4693684803720136, 0), (0, 0, 0, 1) ),
                        100: ( (-0.48781889509012727, 0, 0.8729448582774558, 0), (0, 1, 0, 0), (-0.8729448582774558, 0, -0.48781889509012727, 0), (0, 0, 0, 1) ),
                        101: ( (-0.5060539027168316, 0, 0.8625018536473203, 0), (0, 1, 0, 0), (-0.8625018536473203, 0, -0.5060539027168316, 0), (0, 0, 0, 1) ),
                        102: ( (-0.5240654511860946, 0, 0.8516779924790326, 0), (0, 1, 0, 0), (-0.8516779924790326, 0, -0.5240654511860946, 0), (0, 0, 0, 1) ),
                        103: ( (-0.5418455871051587, 0, 0.84047805428498, 0), (0, 1, 0, 0), (-0.84047805428498, 0, -0.5418455871051587, 0), (0, 0, 0, 1) ),
                        104: ( (-0.5593864592665332, 0, 0.8289069846425782, 0), (0, 1, 0, 0), (-0.8289069846425782, 0, -0.5593864592665332, 0), (0, 0, 0, 1) ),
                        105: ( (-0.5766803221148671, 0, 0.8169698930104421, 0), (0, 1, 0, 0), (-0.8169698930104421, 0, -0.5766803221148671, 0), (0, 0, 0, 1) ),
                        106: ( (-0.5937195391671687, 0, 0.8046720504721938, 0), (0, 1, 0, 0), (-0.8046720504721938, 0, -0.5937195391671687, 0), (0, 0, 0, 1) ),
                        107: ( (-0.6104965863848613, 0, 0.7920188874088999, 0), (0, 1, 0, 0), (-0.7920188874088999, 0, -0.6104965863848613, 0), (0, 0, 0, 1) ),
                        108: ( (-0.6270040554961868, 0, 0.7790159911011678, 0), (0, 1, 0, 0), (-0.7790159911011678, 0, -0.6270040554961868, 0), (0, 0, 0, 1) ),
                        109: ( (-0.6432346572674893, 0, 0.765669103261961, 0), (0, 1, 0, 0), (-0.765669103261961, 0, -0.6432346572674893, 0), (0, 0, 0, 1) ),
                        110: ( (-0.659181224721938, 0, 0.7519841175012182, 0), (0, 1, 0, 0), (-0.7519841175012182, 0, -0.659181224721938, 0), (0, 0, 0, 1) ),
                        111: ( (-0.6748367163042575, 0, 0.7379670767234043, 0), (0, 1, 0, 0), (-0.7379670767234043, 0, -0.6748367163042575, 0), (0, 0, 0, 1) ),
                        112: ( (-0.6901942189900868, 0, 0.7236241704591301, 0), (0, 1, 0, 0), (-0.7236241704591301, 0, -0.6901942189900868, 0), (0, 0, 0, 1) ),
                        113: ( (-0.70524695133857, 0, 0.7089617321320332, 0), (0, 1, 0, 0), (-0.7089617321320332, 0, -0.70524695133857, 0), (0, 0, 0, 1) ),
                        114: ( (-0.7199882664868535, 0, 0.6939862362621146, 0), (0, 1, 0, 0), (-0.6939862362621146, 0, -0.7199882664868535, 0), (0, 0, 0, 1) ),
                        115: ( (-0.734411655085154, 0, 0.6787042956067721, 0), (0, 1, 0, 0), (-0.6787042956067721, 0, -0.734411655085154, 0), (0, 0, 0, 1) ),
                        116: ( (-0.7485107481711014, 0, 0.6631226582407949, 0), (0, 1, 0, 0), (-0.6631226582407949, 0, -0.7485107481711014, 0), (0, 0, 0, 1) ),
                        117: ( (-0.7622793199820932, 0, 0.647248204576604, 0), (0, 1, 0, 0), (-0.647248204576604, 0, -0.7622793199820932, 0), (0, 0, 0, 1) ),
                        118: ( (-0.7757112907044197, 0, 0.631087944326053, 0), (0, 1, 0, 0), (-0.631087944326053, 0, -0.7757112907044197, 0), (0, 0, 0, 1) ),
                        119: ( (-0.7888007291579354, 0, 0.6146490134051379, 0), (0, 1, 0, 0), (-0.6146490134051379, 0, -0.7888007291579354, 0), (0, 0, 0, 1) ),
                        120: ( (-0.8015418554151019, 0, 0.5979386707829791, 0), (0, 1, 0, 0), (-0.5979386707829791, 0, -0.8015418554151019, 0), (0, 0, 0, 1) ),
                        121: ( (-0.8139290433532412, 0, 0.5809642952764631, 0), (0, 1, 0, 0), (-0.5809642952764631, 0, -0.8139290433532412, 0), (0, 0, 0, 1) ),
                        122: ( (-0.8259568231388736, 0, 0.5637333822919656, 0), (0, 1, 0, 0), (-0.5637333822919656, 0, -0.8259568231388736, 0), (0, 0, 0, 1) ),
                        123: ( (-0.8376198836430413, 0, 0.5462535405155906, 0), (0, 1, 0, 0), (-0.5462535405155906, 0, -0.8376198836430413, 0), (0, 0, 0, 1) ),
                        124: ( (-0.8489130747865545, 0, 0.5285324885533885, 0), (0, 1, 0, 0), (-0.5285324885533885, 0, -0.8489130747865545, 0), (0, 0, 0, 1) ),
                        125: ( (-0.8598314098141207, 0, 0.5105780515230376, 0), (0, 1, 0, 0), (-0.5105780515230376, 0, -0.8598314098141207, 0), (0, 0, 0, 1) ),
                        126: ( (-0.8703700674963546, 0, 0.4923981575984937, 0), (0, 1, 0, 0), (-0.4923981575984937, 0, -0.8703700674963546, 0), (0, 0, 0, 1) ),
                        127: ( (-0.8805243942586999, 0, 0.4740008345091279, 0), (0, 1, 0, 0), (-0.4740008345091279, 0, -0.8805243942586999, 0), (0, 0, 0, 1) ),
                        128: ( (-0.8902899062363139, 0, 0.45539420599491093, 0), (0, 1, 0, 0), (-0.45539420599491093, 0, -0.8902899062363139, 0), (0, 0, 0, 1) ),
                        129: ( (-0.8996622912540178, 0, 0.43658648821919677, 0), (0, 1, 0, 0), (-0.43658648821919677, 0, -0.8996622912540178, 0), (0, 0, 0, 1) ),
                        130: ( (-0.9086374107304311, 0, 0.4175859861406963, 0), (0, 1, 0, 0), (-0.4175859861406963, 0, -0.9086374107304311, 0), (0, 0, 0, 1) ),
                        131: ( (-0.917211301505453, 0, 0.3984010898462414, 0), (0, 1, 0, 0), (-0.3984010898462414, 0, -0.917211301505453, 0), (0, 0, 0, 1) ),
                        132: ( (-0.925380177590282, 0, 0.37904027084595926, 0), (0, 1, 0, 0), (-0.37904027084595926, 0, -0.925380177590282, 0), (0, 0, 0, 1) ),
                        133: ( (-0.9331404318392027, 0, 0.3595120783324899, 0), (0, 1, 0, 0), (-0.3595120783324899, 0, -0.9331404318392027, 0), (0, 0, 0, 1) ),
                        134: ( (-0.9404886375423983, 0, 0.33982513540590736, 0), (0, 1, 0, 0), (-0.33982513540590736, 0, -0.9404886375423983, 0), (0, 0, 0, 1) ),
                        135: ( (-0.9474215499390909, 0, 0.319988135265998, 0), (0, 1, 0, 0), (-0.319988135265998, 0, -0.9474215499390909, 0), (0, 0, 0, 1) ),
                        136: ( (-0.9539361076503357, 0, 0.30000983737358894, 0), (0, 1, 0, 0), (-0.30000983737358894, 0, -0.9539361076503357, 0), (0, 0, 0, 1) ),
                        137: ( (-0.9600294340308397, 0, 0.27989906358261646, 0), (0, 1, 0, 0), (-0.27989906358261646, 0, -0.9600294340308397, 0), (0, 0, 0, 1) ),
                        138: ( (-0.9656988384392073, 0, 0.2596646942446465, 0), (0, 1, 0, 0), (-0.2596646942446465, 0, -0.9656988384392073, 0), (0, 0, 0, 1) ),
                        139: ( (-0.9709418174260519, 0, 0.2393156642875581, 0), (0, 1, 0, 0), (-0.2393156642875581, 0, -0.9709418174260519, 0), (0, 0, 0, 1) ),
                        140: ( (-0.9757560558394492, 0, 0.21886095927013038, 0), (0, 1, 0, 0), (-0.21886095927013038, 0, -0.9757560558394492, 0), (0, 0, 0, 1) ),
                        141: ( (-0.9801394278472417, 0, 0.19830961141427728, 0), (0, 1, 0, 0), (-0.19830961141427728, 0, -0.9801394278472417, 0), (0, 0, 0, 1) ),
                        142: ( (-0.984089997875748, 0, 0.17767069561666665, 0), (0, 1, 0, 0), (-0.17767069561666665, 0, -0.984089997875748, 0), (0, 0, 0, 1) ),
                        143: ( (-0.9876060214644566, 0, 0.15695332544150548, 0), (0, 1, 0, 0), (-0.15695332544150548, 0, -0.9876060214644566, 0), (0, 0, 0, 1) ),
                        144: ( (-0.9906859460363308, 0, 0.1361666490962462, 0), (0, 1, 0, 0), (-0.1361666490962462, 0, -0.9906859460363308, 0), (0, 0, 0, 1) ),
                        145: ( (-0.9933284115833829, 0, 0.11531984539199412, 0), (0, 1, 0, 0), (-0.11531984539199412, 0, -0.9933284115833829, 0), (0, 0, 0, 1) ),
                        146: ( (-0.995532251267216, 0, 0.09442211969040308, 0), (0, 1, 0, 0), (-0.09442211969040308, 0, -0.995532251267216, 0), (0, 0, 0, 1) ),
                        147: ( (-0.9972964919342662, 0, 0.07348269983884748, 0), (0, 1, 0, 0), (-0.07348269983884748, 0, -0.9972964919342662, 0), (0, 0, 0, 1) ),
                        148: ( (-0.9986203545455203, 0, 0.05251083209566547, 0), (0, 1, 0, 0), (-0.05251083209566547, 0, -0.9986203545455203, 0), (0, 0, 0, 1) ),
                        149: ( (-0.9995032545205177, 0, 0.03151577704727028, 0), (0, 1, 0, 0), (-0.03151577704727028, 0, -0.9995032545205177, 0), (0, 0, 0, 1) ),
                        150: ( (-0.9999448019954837, 0, 0.010506805518935902, 0), (0, 1, 0, 0), (-0.010506805518935902, 0, -0.9999448019954837, 0), (0, 0, 0, 1) ),
                        151: ( (-0.9999448019954837, 0, -0.0105068055189361, 0), (0, 1, 0, 0), (0.0105068055189361, 0, -0.9999448019954837, 0), (0, 0, 0, 1) ),
                        152: ( (-0.9995032545205177, 0, -0.03151577704727003, 0), (0, 1, 0, 0), (0.03151577704727003, 0, -0.9995032545205177, 0), (0, 0, 0, 1) ),
                        153: ( (-0.9986203545455203, 0, -0.052510832095665226, 0), (0, 1, 0, 0), (0.052510832095665226, 0, -0.9986203545455203, 0), (0, 0, 0, 1) ),
                        154: ( (-0.9972964919342663, 0, -0.07348269983884678, 0), (0, 1, 0, 0), (0.07348269983884678, 0, -0.9972964919342663, 0), (0, 0, 0, 1) ),
                        155: ( (-0.995532251267216, 0, -0.09442211969040239, 0), (0, 1, 0, 0), (0.09442211969040239, 0, -0.995532251267216, 0), (0, 0, 0, 1) ),
                        156: ( (-0.9933284115833829, 0, -0.11531984539199387, 0), (0, 1, 0, 0), (0.11531984539199387, 0, -0.9933284115833829, 0), (0, 0, 0, 1) ),
                        157: ( (-0.9906859460363308, 0, -0.1361666490962464, 0), (0, 1, 0, 0), (0.1361666490962464, 0, -0.9906859460363308, 0), (0, 0, 0, 1) ),
                        158: ( (-0.9876060214644566, 0, -0.15695332544150567, 0), (0, 1, 0, 0), (0.15695332544150567, 0, -0.9876060214644566, 0), (0, 0, 0, 1) ),
                        159: ( (-0.9840899978757481, 0, -0.1776706956166664, 0), (0, 1, 0, 0), (0.1776706956166664, 0, -0.9840899978757481, 0), (0, 0, 0, 1) ),
                        160: ( (-0.9801394278472417, 0, -0.19830961141427705, 0), (0, 1, 0, 0), (0.19830961141427705, 0, -0.9801394278472417, 0), (0, 0, 0, 1) ),
                        161: ( (-0.9757560558394492, 0, -0.21886095927013013, 0), (0, 1, 0, 0), (0.21886095927013013, 0, -0.9757560558394492, 0), (0, 0, 0, 1) ),
                        162: ( (-0.9709418174260521, 0, -0.23931566428755743, 0), (0, 1, 0, 0), (0.23931566428755743, 0, -0.9709418174260521, 0), (0, 0, 0, 1) ),
                        163: ( (-0.9656988384392071, 0, -0.25966469424464717, 0), (0, 1, 0, 0), (0.25966469424464717, 0, -0.9656988384392071, 0), (0, 0, 0, 1) ),
                        164: ( (-0.9600294340308398, 0, -0.2798990635826162, 0), (0, 1, 0, 0), (0.2798990635826162, 0, -0.9600294340308398, 0), (0, 0, 0, 1) ),
                        165: ( (-0.9539361076503359, 0, -0.3000098373735883, 0), (0, 1, 0, 0), (0.3000098373735883, 0, -0.9539361076503359, 0), (0, 0, 0, 1) ),
                        166: ( (-0.947421549939091, 0, -0.3199881352659978, 0), (0, 1, 0, 0), (0.3199881352659978, 0, -0.947421549939091, 0), (0, 0, 0, 1) ),
                        167: ( (-0.9404886375423984, 0, -0.33982513540590714, 0), (0, 1, 0, 0), (0.33982513540590714, 0, -0.9404886375423984, 0), (0, 0, 0, 1) ),
                        168: ( (-0.9331404318392028, 0, -0.35951207833248966, 0), (0, 1, 0, 0), (0.35951207833248966, 0, -0.9331404318392028, 0), (0, 0, 0, 1) ),
                        169: ( (-0.9253801775902822, 0, -0.37904027084595865, 0), (0, 1, 0, 0), (0.37904027084595865, 0, -0.9253801775902822, 0), (0, 0, 0, 1) ),
                        170: ( (-0.9172113015054528, 0, -0.398401089846242, 0), (0, 1, 0, 0), (0.398401089846242, 0, -0.9172113015054528, 0), (0, 0, 0, 1) ),
                        171: ( (-0.908637410730431, 0, -0.4175859861406965, 0), (0, 1, 0, 0), (0.4175859861406965, 0, -0.908637410730431, 0), (0, 0, 0, 1) ),
                        172: ( (-0.8996622912540178, 0, -0.43658648821919693, 0), (0, 1, 0, 0), (0.43658648821919693, 0, -0.8996622912540178, 0), (0, 0, 0, 1) ),
                        173: ( (-0.8902899062363142, 0, -0.4553942059949103, 0), (0, 1, 0, 0), (0.4553942059949103, 0, -0.8902899062363142, 0), (0, 0, 0, 1) ),
                        174: ( (-0.8805243942587002, 0, -0.4740008345091273, 0), (0, 1, 0, 0), (0.4740008345091273, 0, -0.8805243942587002, 0), (0, 0, 0, 1) ),
                        175: ( (-0.870370067496355, 0, -0.49239815759849315, 0), (0, 1, 0, 0), (0.49239815759849315, 0, -0.870370067496355, 0), (0, 0, 0, 1) ),
                        176: ( (-0.8598314098141208, 0, -0.5105780515230374, 0), (0, 1, 0, 0), (0.5105780515230374, 0, -0.8598314098141208, 0), (0, 0, 0, 1) ),
                        177: ( (-0.8489130747865549, 0, -0.5285324885533879, 0), (0, 1, 0, 0), (0.5285324885533879, 0, -0.8489130747865549, 0), (0, 0, 0, 1) ),
                        178: ( (-0.8376198836430414, 0, -0.5462535405155904, 0), (0, 1, 0, 0), (0.5462535405155904, 0, -0.8376198836430414, 0), (0, 0, 0, 1) ),
                        179: ( (-0.8259568231388735, 0, -0.5637333822919657, 0), (0, 1, 0, 0), (0.5637333822919657, 0, -0.8259568231388735, 0), (0, 0, 0, 1) ),
                        180: ( (-0.8139290433532411, 0, -0.5809642952764633, 0), (0, 1, 0, 0), (0.5809642952764633, 0, -0.8139290433532411, 0), (0, 0, 0, 1) ),
                        181: ( (-0.801541855415102, 0, -0.5979386707829789, 0), (0, 1, 0, 0), (0.5979386707829789, 0, -0.801541855415102, 0), (0, 0, 0, 1) ),
                        182: ( (-0.7888007291579359, 0, -0.6146490134051373, 0), (0, 1, 0, 0), (0.6146490134051373, 0, -0.7888007291579359, 0), (0, 0, 0, 1) ),
                        183: ( (-0.7757112907044204, 0, -0.6310879443260521, 0), (0, 1, 0, 0), (0.6310879443260521, 0, -0.7757112907044204, 0), (0, 0, 0, 1) ),
                        184: ( (-0.7622793199820934, 0, -0.6472482045766039, 0), (0, 1, 0, 0), (0.6472482045766039, 0, -0.7622793199820934, 0), (0, 0, 0, 1) ),
                        185: ( (-0.748510748171101, 0, -0.6631226582407953, 0), (0, 1, 0, 0), (0.6631226582407953, 0, -0.748510748171101, 0), (0, 0, 0, 1) ),
                        186: ( (-0.7344116550851542, 0, -0.6787042956067719, 0), (0, 1, 0, 0), (0.6787042956067719, 0, -0.7344116550851542, 0), (0, 0, 0, 1) ),
                        187: ( (-0.7199882664868537, 0, -0.6939862362621144, 0), (0, 1, 0, 0), (0.6939862362621144, 0, -0.7199882664868537, 0), (0, 0, 0, 1) ),
                        188: ( (-0.7052469513385698, 0, -0.7089617321320333, 0), (0, 1, 0, 0), (0.7089617321320333, 0, -0.7052469513385698, 0), (0, 0, 0, 1) ),
                        189: ( (-0.6901942189900863, 0, -0.7236241704591305, 0), (0, 1, 0, 0), (0.7236241704591305, 0, -0.6901942189900863, 0), (0, 0, 0, 1) ),
                        190: ( (-0.6748367163042573, 0, -0.7379670767234046, 0), (0, 1, 0, 0), (0.7379670767234046, 0, -0.6748367163042573, 0), (0, 0, 0, 1) ),
                        191: ( (-0.6591812247219381, 0, -0.7519841175012181, 0), (0, 1, 0, 0), (0.7519841175012181, 0, -0.6591812247219381, 0), (0, 0, 0, 1) ),
                        192: ( (-0.6432346572674899, 0, -0.7656691032619606, 0), (0, 1, 0, 0), (0.7656691032619606, 0, -0.6432346572674899, 0), (0, 0, 0, 1) ),
                        193: ( (-0.6270040554961862, 0, -0.7790159911011683, 0), (0, 1, 0, 0), (0.7790159911011683, 0, -0.6270040554961862, 0), (0, 0, 0, 1) ),
                        194: ( (-0.6104965863848615, 0, -0.7920188874088997, 0), (0, 1, 0, 0), (0.7920188874088997, 0, -0.6104965863848615, 0), (0, 0, 0, 1) ),
                        195: ( (-0.5937195391671689, 0, -0.8046720504721937, 0), (0, 1, 0, 0), (0.8046720504721937, 0, -0.5937195391671689, 0), (0, 0, 0, 1) ),
                        196: ( (-0.5766803221148672, 0, -0.816969893010442, 0), (0, 1, 0, 0), (0.816969893010442, 0, -0.5766803221148672, 0), (0, 0, 0, 1) ),
                        197: ( (-0.5593864592665334, 0, -0.828906984642578, 0), (0, 1, 0, 0), (0.828906984642578, 0, -0.5593864592665334, 0), (0, 0, 0, 1) ),
                        198: ( (-0.541845587105159, 0, -0.8404780542849799, 0), (0, 1, 0, 0), (0.8404780542849799, 0, -0.541845587105159, 0), (0, 0, 0, 1) ),
                        199: ( (-0.5240654511860947, 0, -0.8516779924790325, 0), (0, 1, 0, 0), (0.8516779924790325, 0, -0.5240654511860947, 0), (0, 0, 0, 1) ),
                        200: ( (-0.5060539027168314, 0, -0.8625018536473205, 0), (0, 1, 0, 0), (0.8625018536473205, 0, -0.5060539027168314, 0), (0, 0, 0, 1) ),
                        201: ( (-0.4878188950901271, 0, -0.8729448582774559, 0), (0, 1, 0, 0), (0.8729448582774559, 0, -0.4878188950901271, 0), (0, 0, 0, 1) ),
                        202: ( (-0.4693684803720134, 0, -0.8830023950325768, 0), (0, 1, 0, 0), (0.8830023950325768, 0, -0.4693684803720134, 0), (0, 0, 0, 1) ),
                        203: ( (-0.4507108057462303, 0, -0.892670022787583, 0), (0, 1, 0, 0), (0.892670022787583, 0, -0.4507108057462303, 0), (0, 0, 0, 1) ),
                        204: ( (-0.43185410991665585, 0, -0.9019434725902133, 0), (0, 1, 0, 0), (0.9019434725902133, 0, -0.43185410991665585, 0), (0, 0, 0, 1) ),
                        205: ( (-0.4128067194693316, 0, -0.9108186495460929, 0), (0, 1, 0, 0), (0.9108186495460929, 0, -0.4128067194693316, 0), (0, 0, 0, 1) ),
                        206: ( (-0.39357704519567244, 0, -0.919291634626925, 0), (0, 1, 0, 0), (0.919291634626925, 0, -0.39357704519567244, 0), (0, 0, 0, 1) ),
                        207: ( (-0.37417357837850246, 0, -0.9273586864010207, 0), (0, 1, 0, 0), (0.9273586864010207, 0, -0.37417357837850246, 0), (0, 0, 0, 1) ),
                        208: ( (-0.3546048870425359, 0, -0.9350162426854147, 0), (0, 1, 0, 0), (0.9350162426854147, 0, -0.3546048870425359, 0), (0, 0, 0, 1) ),
                        209: ( (-0.3348796121709864, 0, -0.9422609221188204, 0), (0, 1, 0, 0), (0.9422609221188204, 0, -0.3348796121709864, 0), (0, 0, 0, 1) ),
                        210: ( (-0.315006463889948, 0, -0.949089525654746, 0), (0, 1, 0, 0), (0.949089525654746, 0, -0.315006463889948, 0), (0, 0, 0, 1) ),
                        211: ( (-0.29499421762224975, 0, -0.9554990379741032, 0), (0, 1, 0, 0), (0.9554990379741032, 0, -0.29499421762224975, 0), (0, 0, 0, 1) ),
                        212: ( (-0.2748517102124757, 0, -0.9614866288166868, 0), (0, 1, 0, 0), (0.9614866288166868, 0, -0.2748517102124757, 0), (0, 0, 0, 1) ),
                        213: ( (-0.2545878360248632, 0, -0.9670496542309384, 0), (0, 1, 0, 0), (0.9670496542309384, 0, -0.2545878360248632, 0), (0, 0, 0, 1) ),
                        214: ( (-0.23421154301580227, 0, -0.9721856577414404, 0), (0, 1, 0, 0), (0.9721856577414404, 0, -0.23421154301580227, 0), (0, 0, 0, 1) ),
                        215: ( (-0.21373182878266958, 0, -0.9768923714336271, 0), (0, 1, 0, 0), (0.9768923714336271, 0, -0.21373182878266958, 0), (0, 0, 0, 1) ),
                        216: ( (-0.19315773659074306, 0, -0.9811677169552314, 0), (0, 1, 0, 0), (0.9811677169552314, 0, -0.19315773659074306, 0), (0, 0, 0, 1) ),
                        217: ( (-0.17249835137995115, 0, -0.9850098064340268, 0), (0, 1, 0, 0), (0.9850098064340268, 0, -0.17249835137995115, 0), (0, 0, 0, 1) ),
                        218: ( (-0.15176279575321577, 0, -0.9884169433114589, 0), (0, 1, 0, 0), (0.9884169433114589, 0, -0.15176279575321577, 0), (0, 0, 0, 1) ),
                        219: ( (-0.13096022594817197, 0, -0.9913876230917974, 0), (0, 1, 0, 0), (0.9913876230917974, 0, -0.13096022594817197, 0), (0, 0, 0, 1) ),
                        220: ( (-0.11009982779403207, 0, -0.9939205340064791, 0), (0, 1, 0, 0), (0.9939205340064791, 0, -0.11009982779403207, 0), (0, 0, 0, 1) ),
                        221: ( (-0.08919081265537408, 0, -0.9960145575933486, 0), (0, 1, 0, 0), (0.9960145575933486, 0, -0.08919081265537408, 0), (0, 0, 0, 1) ),
                        222: ( (-0.06824241336467135, 0, -0.9976687691905392, 0), (0, 1, 0, 0), (0.9976687691905392, 0, -0.06824241336467135, 0), (0, 0, 0, 1) ),
                        223: ( (-0.04726388014532823, 0, -0.9988824383447774, 0), (0, 1, 0, 0), (0.9988824383447774, 0, -0.04726388014532823, 0), (0, 0, 0, 1) ),
                        224: ( (-0.026264476527047245, 0, -0.9996550291339309, 0), (0, 1, 0, 0), (0.9996550291339309, 0, -0.026264476527047245, 0), (0, 0, 0, 1) ),
                        225: ( (-0.005253475255305331, 0, -0.9999862004036565, 0), (0, 1, 0, 0), (0.9999862004036565, 0, -0.005253475255305331, 0), (0, 0, 0, 1) ),
                        226: ( (0.015759845803215298, 0, -0.9998758059180445, 0), (0, 1, 0, 0), (0.9998758059180445, 0, 0.015759845803215298, 0), (0, 0, 0, 1) ),
                        227: ( (0.03676620775748877, 0, -0.9993238944241918, 0), (0, 1, 0, 0), (0.9993238944241918, 0, 0.03676620775748877, 0), (0, 0, 0, 1) ),
                        228: ( (0.05775633478942842, 0, -0.9983307096306772, 0), (0, 1, 0, 0), (0.9983307096306772, 0, 0.05775633478942842, 0), (0, 0, 0, 1) ),
                        229: ( (0.07872095824983046, 0, -0.9968966900999463, 0), (0, 1, 0, 0), (0.9968966900999463, 0, 0.07872095824983046, 0), (0, 0, 0, 1) ),
                        230: ( (0.09965082075115658, 0, -0.9950224690546545, 0), (0, 1, 0, 0), (0.9950224690546545, 0, 0.09965082075115658, 0), (0, 0, 0, 1) ),
                        231: ( (0.12053668025532409, 0, -0.9927088740980539, 0), (0, 1, 0, 0), (0.9927088740980539, 0, 0.12053668025532409, 0), (0, 0, 0, 1) ),
                        232: ( (0.14136931415473514, 0, -0.9899569268485472, 0), (0, 1, 0, 0), (0.9899569268485472, 0, 0.14136931415473514, 0), (0, 0, 0, 1) ),
                        233: ( (0.16213952334472495, 0, -0.9867678424885691, 0), (0, 1, 0, 0), (0.9867678424885691, 0, 0.16213952334472495, 0), (0, 0, 0, 1) ),
                        234: ( (0.18283813628561962, 0, -0.9831430292279965, 0), (0, 1, 0, 0), (0.9831430292279965, 0, 0.18283813628561962, 0), (0, 0, 0, 1) ),
                        235: ( (0.2034560130526333, 0, -0.979084087682323, 0), (0, 1, 0, 0), (0.979084087682323, 0, 0.2034560130526333, 0), (0, 0, 0, 1) ),
                        236: ( (0.22398404937180436, 0, -0.9745928101658708, 0), (0, 1, 0, 0), (0.9745928101658708, 0, 0.22398404937180436, 0), (0, 0, 0, 1) ),
                        237: ( (0.24441318064018117, 0, -0.9696711799003568, 0), (0, 1, 0, 0), (0.9696711799003568, 0, 0.24441318064018117, 0), (0, 0, 0, 1) ),
                        238: ( (0.2647343859284991, 0, -0.9643213701391568, 0), (0, 1, 0, 0), (0.9643213701391568, 0, 0.2647343859284991, 0), (0, 0, 0, 1) ),
                        239: ( (0.2849386919645683, 0, -0.9585457432076577, 0), (0, 1, 0, 0), (0.9585457432076577, 0, 0.2849386919645683, 0), (0, 0, 0, 1) ),
                        240: ( (0.3050171770956182, 0, -0.952346849460122, 0), (0, 1, 0, 0), (0.952346849460122, 0, 0.3050171770956182, 0), (0, 0, 0, 1) ),
                        241: ( (0.32496097522784506, 0, -0.9457274261535233, 0), (0, 1, 0, 0), (0.9457274261535233, 0, 0.32496097522784506, 0), (0, 0, 0, 1) ),
                        242: ( (0.344761279741437, 0, -0.9386903962388486, 0), (0, 1, 0, 0), (0.9386903962388486, 0, 0.344761279741437, 0), (0, 0, 0, 1) ),
                        243: ( (0.36440934737932124, 0, -0.931238867070408, 0), (0, 1, 0, 0), (0.931238867070408, 0, 0.36440934737932124, 0), (0, 0, 0, 1) ),
                        244: ( (0.3838965021079438, 0, -0.9233761290337137, 0), (0, 1, 0, 0), (0.9233761290337137, 0, 0.3838965021079438, 0), (0, 0, 0, 1) ),
                        245: ( (0.40321413894836394, 0, -0.9151056540925367, 0), (0, 1, 0, 0), (0.9151056540925367, 0, 0.40321413894836394, 0), (0, 0, 0, 1) ),
                        246: ( (0.42235372777596586, 0, -0.906431094255788, 0), (0, 1, 0, 0), (0.906431094255788, 0, 0.42235372777596586, 0), (0, 0, 0, 1) ),
                        247: ( (0.44130681708712455, 0, -0.8973562799648929, 0), (0, 1, 0, 0), (0.8973562799648929, 0, 0.44130681708712455, 0), (0, 0, 0, 1) ),
